# generated by gladevcp.persistence.create_default_ini() on Sun Dec 30 13:19:57 2012
[ini]
	version = 1
	signature = 2f076c79db16ee72ff73b239a3459c5f69729995
[vars]
	plate_thickness = 3
	probe_feed = 1
	probe_max = 2
	z_retract = 4
[widgets]
	probe_feed = 100.0
	tool_change_pos_x = 121.971414666
	tool_change_pos_y = 99.800120485
	reftool = True
	tool_change_pos_z = -21.8590635154
	tool_probe_pos_z = -47.5488704995
	tool_probe_pos_y = 99.800120485
	tool_probe_pos_x = 121.971414666
	probe_max = -10.0
	plate_thickness = 1.45
	z_retract = 3.0
# last update  by gladevcp.persistence.save_state() on Sat Feb 23 22:23:42 2019 
